{
    "armatures": {
        "source": {
            "matrix_world": [
                1.0,
                0.0,
                0.0,
                0.0,
                0.0,
                1.0,
                0.0,
                0.0,
                0.0,
                0.0,
                1.0,
                0.0,
                0.0,
                0.0,
                0.0,
                1.0
            ],
            "bones": {
                "ChrExport_c0010": {
                    "parent": null,
                    "matrix": [
                        1.0,
                        0.0,
                        3.422854533141617e-08,
                        3.422854533141617e-08,
                        3.422854533141617e-08,
                        -1.0,
                        -1.1715933145108092e-15,
                        1.0,
                        0.0
                    ],
                    "matrix_local": [
                        1.0,
                        0.0,
                        3.422854533141617e-08,
                        0.0,
                        3.422854533141617e-08,
                        3.422854533141617e-08,
                        -1.0,
                        0.0,
                        -1.1715933145108092e-15,
                        1.0,
                        0.0,
                        0.0,
                        0.0,
                        0.0,
                        0.0,
                        1.0
                    ]
                },
                "Up_Point": {
                    "parent": "ChrExport_c0010",
                    "matrix": [
                        1.0,
                        3.7771985428302817e-23,
                        1.3611564424894668e-30,
                        -3.7771985428302817e-23,
                        1.0,
                        1.161799390179063e-15,
                        -1.3611564424894668e-30,
                        -1.161799390179063e-15,
                        1.0
                    ],
                    "matrix_local": [
                        1.0,
                        -1.9947168403854713e-24,
                        3.422854533141617e-08,
                        0.0,
                        3.422854533141617e-08,
                        3.422854533141617e-08,
                        -1.0,
                        0.0,
                        -1.1715933145108092e-15,
                        1.0,
                        1.161799390179063e-15,
                        0.0,
                        0.0,
                        0.0,
                        0.0,
                        1.0
                    ]
                },
                "Root": {
                    "parent": "Up_Point",
                    "matrix": [
                        1.0,
                        0.0,
                        -3.422854533141617e-08,
                        0.0,
                        1.0,
                        0.0,
                        3.422854533141617e-08,
                        0.0,
                        1.0
                    ],
                    "matrix_local": [
                        1.0,
                        -1.9947168403854713e-24,
                        0.0,
                        0.0,
                        0.0,
                        3.422854533141617e-08,
                        -1.0,
                        -0.018741630017757416,
                        -1.1715933145108092e-15,
                        1.0,
                        1.161799390179063e-15,
                        1.0509997606277466,
                        0.0,
                        0.0,
                        0.0,
                        1.0
                    ]
                },
                "Spine1": {
                    "parent": "Root",
                    "matrix": [
                        1.0,
                        0.0,
                        6.006847996786746e-08,
                        -5.973942762693696e-08,
                        -0.10452824831008911,
                        0.9945218563079834,
                        6.278854325358907e-09,
                        -0.9945218563079834,
                        -0.10452806949615479
                    ],
                    "matrix_local": [
                        1.0,
                        2.0850424494132153e-25,
                        6.006847996786746e-08,
                        -3.082955315562805e-26,
                        -6.278856545804956e-09,
                        0.9945218563079834,
                        0.10452810674905777,
                        -0.01890694350004196,
                        -5.973942762693696e-08,
                        -0.10452824831008911,
                        0.9945218563079834,
                        1.0709997415542603,
                        0.0,
                        0.0,
                        0.0,
                        1.0
                    ]
                },
                "Spine2": {
                    "parent": "Spine1",
                    "matrix": [
                        1.0,
                        -8.668081252771742e-10,
                        -6.006222008636541e-08,
                        -5.051514762044462e-15,
                        0.9998958706855774,
                        -0.01443041767925024,
                        6.00684728624401e-08,
                        0.01443041767925024,
                        0.9998958706855774
                    ],
                    "matrix_local": [
                        1.0,
                        5.10702591327572e-15,
                        7.105427357601002e-15,
                        0.0,
                        -1.7763568394002505e-14,
                        0.9959266781806946,
                        0.09016585350036621,
                        -0.006363545544445515,
                        -2.1316282072803006e-14,
                        -0.09016599506139755,
                        0.9959267377853394,
                        1.1903423070907593,
                        0.0,
                        0.0,
                        0.0,
                        1.0
                    ]
                },
                "Neck": {
                    "parent": "Spine2",
                    "matrix": [
                        1.0,
                        -7.105427357601002e-15,
                        6.664000551381832e-08,
                        1.580501063358497e-08,
                        0.9714682102203369,
                        -0.23716993629932404,
                        -6.47386428909158e-08,
                        0.23716993629932404,
                        0.9714681506156921
                    ],
                    "matrix_local": [
                        1.0,
                        -4.589202273608934e-16,
                        6.664001261924568e-08,
                        6.368324040307259e-16,
                        9.903398989763446e-09,
                        0.9888957738876343,
                        -0.14861060678958893,
                        0.015276278369128704,
                        -6.59000392033704e-08,
                        0.14861047267913818,
                        0.9888957738876343,
                        1.4293646812438965,
                        0.0,
                        0.0,
                        0.0,
                        1.0
                    ]
                },
                "Head": {
                    "parent": "Neck",
                    "matrix": [
                        1.0,
                        1.07924398307091e-08,
                        -6.482896708348562e-08,
                        -1.5083045923347527e-10,
                        0.9867987632751465,
                        0.16195131838321686,
                        6.572098953938621e-08,
                        -0.16195131838321686,
                        0.9867987632751465
                    ],
                    "matrix_local": [
                        1.0,
                        8.881784197001252e-16,
                        9.313154691881209e-10,
                        4.440892098500626e-16,
                        -1.2592593634508376e-11,
                        0.9999088048934937,
                        0.013504207134246826,
                        0.004014525096863508,
                        -9.312515203419025e-10,
                        -0.01350434124469757,
                        0.9999087452888489,
                        1.504303216934204,
                        0.0,
                        0.0,
                        0.0,
                        1.0
                    ]
                },
                "Braid01": {
                    "parent": "Head",
                    "matrix": [
                        1.0,
                        0.0,
                        8.83540209883904e-08,
                        -1.193164900215038e-09,
                        -0.9999088048934937,
                        0.013504366390407085,
                        8.834594922291217e-08,
                        -0.013504366390407085,
                        -0.9999089241027832
                    ],
                    "matrix_local": [
                        1.0,
                        -1.2577713176531446e-11,
                        8.742279078433057e-08,
                        0.08739998936653137,
                        -1.2606693466921115e-11,
                        -1.0,
                        1.5832483768463135e-07,
                        -0.019999902695417404,
                        8.742274815176643e-08,
                        -2.421438694000244e-08,
                        -1.0,
                        1.6019995212554932,
                        0.0,
                        0.0,
                        0.0,
                        1.0
                    ]
                },
                "Braid02": {
                    "parent": "Braid01",
                    "matrix": [
                        1.0,
                        1.257265819232245e-11,
                        -1.4210854715202004e-14,
                        -1.257265819232245e-11,
                        1.0,
                        1.786682189549886e-25,
                        1.4210854715202004e-14,
                        0.0,
                        1.0
                    ],
                    "matrix_local": [
                        1.0,
                        -5.054984208996416e-15,
                        8.742277657347586e-08,
                        0.08739998936653137,
                        -3.4035271210533166e-14,
                        -1.0,
                        1.5832483768463135e-07,
                        -0.019999926909804344,
                        8.742273394091171e-08,
                        -2.421438694000244e-08,
                        -1.0,
                        1.542999505996704,
                        0.0,
                        0.0,
                        0.0,
                        1.0
                    ]
                },
                "Braid03": {
                    "parent": "Braid02",
                    "matrix": [
                        1.0,
                        9.138148016063496e-09,
                        3.0291721486719325e-06,
                        -3.2572140185038734e-07,
                        0.9945219159126282,
                        0.10452800244092941,
                        -3.011622993653873e-06,
                        -0.10452800244092941,
                        0.9945219159126282
                    ],
                    "matrix_local": [
                        1.0,
                        1.4210854715202004e-14,
                        3.116115976808942e-06,
                        0.08739998936653137,
                        3.257208902596176e-07,
                        -0.9945219159126282,
                        -0.10452784597873688,
                        -0.01999993808567524,
                        3.099045670751366e-06,
                        0.10452798008918762,
                        -0.9945219159126282,
                        1.4979995489120483,
                        0.0,
                        0.0,
                        0.0,
                        1.0
                    ]
                },
                "Braid04": {
                    "parent": "Braid03",
                    "matrix": [
                        1.0,
                        2.715889877435984e-07,
                        -2.549695409470587e-06,
                        -4.833380273794319e-08,
                        0.9961946606636047,
                        0.08715616911649704,
                        2.563663656474091e-06,
                        -0.08715616911649704,
                        0.9961946606636047
                    ],
                    "matrix_local": [
                        1.0,
                        2.5579538487363607e-13,
                        5.545625754166394e-07,
                        0.08739998936653137,
                        1.0581570109025051e-07,
                        -0.9816271662712097,
                        -0.19080880284309387,
                        -0.024703718721866608,
                        5.443737336463528e-07,
                        0.19080893695354462,
                        -0.9816271662712097,
                        1.4532461166381836,
                        0.0,
                        0.0,
                        0.0,
                        1.0
                    ]
                },
                "Braid05": {
                    "parent": "Braid04",
                    "matrix": [
                        1.0,
                        6.75842315445152e-08,
                        7.40734435566992e-07,
                        -1.5735375313852273e-07,
                        0.9925460815429688,
                        0.12186998128890991,
                        -7.269765660566918e-07,
                        -0.12186998128890991,
                        0.9925460815429688
                    ],
                    "matrix_local": [
                        1.0,
                        -4.263256414560601e-14,
                        1.2911634712509112e-06,
                        0.08739998936653137,
                        3.9899197190607083e-07,
                        -0.9510563611984253,
                        -0.3090174198150635,
                        -0.03176366165280342,
                        1.2279691645744606e-06,
                        0.309017539024353,
                        -0.9510563611984253,
                        1.4169259071350098,
                        0.0,
                        0.0,
                        0.0,
                        1.0
                    ]
                },
                "Braid06": {
                    "parent": "Braid05",
                    "matrix": [
                        1.0,
                        2.2420947232149047e-07,
                        -1.2049077895426308e-06,
                        -1.1571941627153137e-08,
                        0.984807550907135,
                        0.17364917695522308,
                        1.2255360388735426e-06,
                        -0.17364917695522308,
                        0.984807550907135
                    ],
                    "matrix_local": [
                        1.0,
                        -4.263256414560601e-14,
                        6.663969998044195e-08,
                        0.08739998936653137,
                        3.1285566137739806e-08,
                        -0.8829468488693237,
                        -0.46947282552719116,
                        -0.03856203705072403,
                        5.883941867068643e-08,
                        0.4694729447364807,
                        -0.8829468488693237,
                        1.3960026502609253,
                        0.0,
                        0.0,
                        0.0,
                        1.0
                    ]
                },
                "tail01": {
                    "parent": "Head",
                    "matrix": [
                        -0.4551030993461609,
                        0.3624919652938843,
                        -0.8133147358894348,
                        -0.8896598219871521,
                        -0.22330491244792938,
                        0.39829689264297485,
                        -0.03723776340484619,
                        0.9048395752906799,
                        0.42412126064300537
                    ],
                    "matrix_local": [
                        -0.4551030993461609,
                        0.3624919652938843,
                        -0.8133147358894348,
                        -0.08298700302839279,
                        -0.8900815844535828,
                        -0.2110653966665268,
                        0.40398797392845154,
                        0.07505176961421967,
                        -0.025220096111297607,
                        0.9077726006507874,
                        0.4187038242816925,
                        1.7009093761444092,
                        0.0,
                        0.0,
                        0.0,
                        1.0
                    ]
                },
                "tail02": {
                    "parent": "tail01",
                    "matrix": [
                        1.0,
                        -2.1489452706191514e-07,
                        1.8155139969167067e-07,
                        1.739413164614234e-07,
                        -0.03489851579070091,
                        -0.9993909001350403,
                        2.210995120321968e-07,
                        0.9993909001350403,
                        -0.03489863872528076
                    ],
                    "matrix_local": [
                        -0.45510321855545044,
                        -0.8254696726799011,
                        -0.33388766646385193,
                        -0.11958613991737366,
                        -0.8900815844535828,
                        0.41110795736312866,
                        0.19683803617954254,
                        0.09323122352361679,
                        -0.02521984465420246,
                        0.3867688775062561,
                        -0.9218318462371826,
                        1.7197511196136475,
                        0.0,
                        0.0,
                        0.0,
                        1.0
                    ]
                },
                "tail03": {
                    "parent": "tail02",
                    "matrix": [
                        1.0,
                        4.889443516731262e-08,
                        -1.0361630131683341e-07,
                        -8.138464835383274e-08,
                        0.9396923780441284,
                        -0.3420206904411316,
                        8.064453993483767e-08,
                        0.3420206904411316,
                        0.9396924376487732
                    ],
                    "matrix_local": [
                        -0.45510318875312805,
                        -0.8898840546607971,
                        -0.03142395615577698,
                        -0.148300439119339,
                        -0.8900816440582275,
                        0.45363765954971313,
                        0.044359877705574036,
                        0.11015927791595459,
                        -0.025219950824975967,
                        0.048158198595047,
                        -0.9985213875770569,
                        1.6404736042022705,
                        0.0,
                        0.0,
                        0.0,
                        1.0
                    ]
                },
                "tail04": {
                    "parent": "tail03",
                    "matrix": [
                        1.0,
                        -4.88944387200263e-08,
                        2.3826336814636306e-07,
                        6.539578834008353e-08,
                        0.9975640773773193,
                        -0.0697566568851471,
                        -2.342722638104533e-07,
                        0.0697566568851471,
                        0.9975640177726746
                    ],
                    "matrix_local": [
                        -0.4551032483577728,
                        -0.8899083733558655,
                        0.030727818608283997,
                        -0.15144287049770355,
                        -0.8900816440582275,
                        0.45562705397605896,
                        0.012607358396053314,
                        0.11459527164697647,
                        -0.025219712406396866,
                        -0.02161262184381485,
                        -0.9994483590126038,
                        1.5406215190887451,
                        0.0,
                        0.0,
                        0.0,
                        1.0
                    ]
                },
                "tail05": {
                    "parent": "tail04",
                    "matrix": [
                        1.0,
                        -1.862645149230957e-08,
                        -3.725291186640334e-09,
                        1.862645149230957e-08,
                        1.0,
                        7.450580596923828e-08,
                        3.7252896323280993e-09,
                        -7.450580596923828e-08,
                        1.0
                    ],
                    "matrix_local": [
                        -0.4551032781600952,
                        -0.8899083733558655,
                        0.030727753415703773,
                        -0.14837011694908142,
                        -0.8900816440582275,
                        0.45562708377838135,
                        0.012607395648956299,
                        0.11585604399442673,
                        -0.025219716131687164,
                        -0.02161254733800888,
                        -0.9994483590126038,
                        1.4406766891479492,
                        0.0,
                        0.0,
                        0.0,
                        1.0
                    ]
                },
                "tailB02": {
                    "parent": "tail01",
                    "matrix": [
                        1.0,
                        -3.008939870596805e-07,
                        -9.736042727581662e-08,
                        -1.0651120874172193e-08,
                        0.275637686252594,
                        -0.9612615704536438,
                        3.160740504881687e-07,
                        0.9612615704536438,
                        0.275637686252594
                    ],
                    "matrix_local": [
                        -0.4551033675670624,
                        -0.6818916201591492,
                        -0.5726297497749329,
                        -0.1265251338481903,
                        -0.8900814652442932,
                        0.33016079664230347,
                        0.31424346566200256,
                        0.09608878195285797,
                        -0.025219973176717758,
                        0.6527002453804016,
                        -0.7571963667869568,
                        1.7441166639328003,
                        0.0,
                        0.0,
                        0.0,
                        1.0
                    ]
                },
                "tailB03": {
                    "parent": "tailB02",
                    "matrix": [
                        1.0,
                        2.149205755586081e-07,
                        2.1234804137293395e-07,
                        -2.8144285124653834e-08,
                        0.7660449743270874,
                        -0.6427869200706482,
                        -3.008162821060978e-07,
                        0.6427869200706482,
                        0.7660450339317322
                    ],
                    "matrix_local": [
                        -0.45510315895080566,
                        -0.8904386758804321,
                        -0.00034925341606140137,
                        -0.1895143836736679,
                        -0.8900815844535828,
                        0.45490941405296326,
                        0.028501421213150024,
                        0.13065554201602936,
                        -0.025219764560461044,
                        0.013281822204589844,
                        -0.9995937347412109,
                        1.6608251333236694,
                        0.0,
                        0.0,
                        0.0,
                        1.0
                    ]
                },
                "tailB04": {
                    "parent": "tailB03",
                    "matrix": [
                        1.0,
                        -3.0447075971551385e-08,
                        3.1931399746554234e-08,
                        3.4594780373709e-08,
                        0.9902679324150085,
                        -0.13917383551597595,
                        -2.7383205036812797e-08,
                        0.13917383551597595,
                        0.9902679920196533
                    ],
                    "matrix_local": [
                        -0.45510318875312805,
                        -0.8818214535713196,
                        0.12357989698648453,
                        -0.1895597279071808,
                        -0.8900815844535828,
                        0.4544489085674286,
                        -0.035087473690509796,
                        0.13436071574687958,
                        -0.025219736620783806,
                        -0.12596473097801208,
                        -0.9917141199111938,
                        1.5308780670166016,
                        0.0,
                        0.0,
                        0.0,
                        1.0
                    ]
                },
                "FHair01": {
                    "parent": "Head",
                    "matrix": [
                        0.9937238097190857,
                        0.023423058912158012,
                        -0.10938180983066559,
                        -0.021943913772702217,
                        -0.9180132746696472,
                        -0.39594194293022156,
                        -0.10968811810016632,
                        0.39585718512535095,
                        -0.9117366075515747
                    ],
                    "matrix_local": [
                        0.9937238097190857,
                        0.023423058912158012,
                        -0.10938180983066559,
                        0.012999999336898327,
                        -0.02342316508293152,
                        -0.9125837683677673,
                        -0.408218115568161,
                        -0.08494219183921814,
                        -0.1093817725777626,
                        0.40821823477745056,
                        -0.9063064455986023,
                        1.7002637386322021,
                        0.0,
                        0.0,
                        0.0,
                        1.0
                    ]
                },
                "FHair02": {
                    "parent": "FHair01",
                    "matrix": [
                        0.9848078489303589,
                        -0.09457551687955856,
                        -0.14563314616680145,
                        1.642329152673483e-07,
                        0.8386702537536621,
                        -0.5446392893791199,
                        0.17364774644374847,
                        0.5363649725914001,
                        0.8259291648864746
                    ],
                    "matrix_local": [
                        0.9596331119537354,
                        -0.133006289601326,
                        -0.24781787395477295,
                        0.005562047939747572,
                        -0.09395362436771393,
                        -0.98209547996521,
                        0.1632809340953827,
                        -0.11270101368427277,
                        -0.26509803533554077,
                        -0.13340571522712708,
                        -0.9549469947814941,
                        1.6386348009109497,
                        0.0,
                        0.0,
                        0.0,
                        1.0
                    ]
                },
                "FLAHair": {
                    "parent": "Head",
                    "matrix": [
                        0.5207840800285339,
                        0.8464418649673462,
                        -0.11099553853273392,
                        0.8481904864311218,
                        -0.5277702808380127,
                        -0.04507137089967728,
                        -0.09673043340444565,
                        -0.070672906935215,
                        -0.9927982687950134
                    ],
                    "matrix_local": [
                        0.5207840800285339,
                        0.8464418649673462,
                        -0.11099553853273392,
                        0.08552587777376175,
                        0.8468068242073059,
                        -0.5286765694618225,
                        -0.05847421661019325,
                        -0.05430706962943077,
                        -0.1081758588552475,
                        -0.06353926658630371,
                        -0.9920989871025085,
                        1.6472809314727783,
                        0.0,
                        0.0,
                        0.0,
                        1.0
                    ]
                },
                "FLCHair": {
                    "parent": "Head",
                    "matrix": [
                        -0.18561691045761108,
                        0.9511981010437012,
                        0.24651262164115906,
                        0.9817628860473633,
                        0.16903401911258698,
                        0.08700118958950043,
                        0.041086360812187195,
                        0.25816574692726135,
                        -0.9652266502380371
                    ],
                    "matrix_local": [
                        -0.18561691045761108,
                        0.9511981010437012,
                        0.24651262164115906,
                        0.08381697535514832,
                        0.9822282195091248,
                        0.17250493168830872,
                        0.0739586353302002,
                        -0.018081020563840866,
                        0.02782455086708069,
                        0.25585949420928955,
                        -0.9663134217262268,
                        1.696413278579712,
                        0.0,
                        0.0,
                        0.0,
                        1.0
                    ]
                },
                "FRAHair": {
                    "parent": "Head",
                    "matrix": [
                        0.9326817989349365,
                        -0.3381024897098541,
                        -0.125665545463562,
                        -0.3342084288597107,
                        -0.941089928150177,
                        0.051524560898542404,
                        -0.13568317890167236,
                        -0.006057535298168659,
                        -0.990733802318573
                    ],
                    "matrix_local": [
                        0.9326817989349365,
                        -0.3381024897098541,
                        -0.125665545463562,
                        -0.048792678862810135,
                        -0.33601024746894836,
                        -0.9410858750343323,
                        0.03814078867435455,
                        -0.0831788033246994,
                        -0.1311575323343277,
                        0.0066518173553049564,
                        -0.9913392066955566,
                        1.6855868101119995,
                        0.0,
                        0.0,
                        0.0,
                        1.0
                    ]
                },
                "FRBHair": {
                    "parent": "Head",
                    "matrix": [
                        0.38528621196746826,
                        -0.7191072106361389,
                        -0.5783073902130127,
                        -0.9159776568412781,
                        -0.37407076358795166,
                        -0.1451071798801422,
                        -0.1119801327586174,
                        0.5856243968009949,
                        -0.8028103709220886
                    ],
                    "matrix_local": [
                        0.38528621196746826,
                        -0.7191072106361389,
                        -0.5783073902130127,
                        -0.020273959264159203,
                        -0.9174063801765442,
                        -0.36612823605537415,
                        -0.15593525767326355,
                        -0.05344708263874054,
                        -0.09960023313760757,
                        0.5906224846839905,
                        -0.8007775545120239,
                        1.725370168685913,
                        0.0,
                        0.0,
                        0.0,
                        1.0
                    ]
                },
                "FRCHair01": {
                    "parent": "Head",
                    "matrix": [
                        0.1660681515932083,
                        -0.9365127086639404,
                        -0.30881267786026,
                        -0.9847198724746704,
                        -0.17413967847824097,
                        -0.0014462172985076904,
                        -0.052422136068344116,
                        0.3043341338634491,
                        -0.9511218070983887
                    ],
                    "matrix_local": [
                        0.1660681515932083,
                        -0.9365127086639404,
                        -0.30881267786026,
                        -0.05855255201458931,
                        -0.9853379726409912,
                        -0.17001400887966156,
                        -0.01429023128002882,
                        -0.04662998020648956,
                        -0.039119359105825424,
                        0.306657999753952,
                        -0.9510154724121094,
                        1.702723503112793,
                        0.0,
                        0.0,
                        0.0,
                        1.0
                    ]
                },
                "FRCHair02": {
                    "parent": "FRCHair01",
                    "matrix": [
                        0.9946181178092957,
                        0.0020676851272583008,
                        0.10358834266662598,
                        0.042133018374443054,
                        0.9053284525871277,
                        -0.4226171374320984,
                        -0.09465529769659042,
                        0.4247071146965027,
                        0.9003689885139465
                    ],
                    "matrix_local": [
                        0.15494704246520996,
                        -0.9786631464958191,
                        0.13494369387626648,
                        -0.0940660908818245,
                        -0.9858455657958984,
                        -0.16202504932880402,
                        -0.04308517277240753,
                        -0.04827338457107544,
                        0.06403025984764099,
                        -0.12635770440101624,
                        -0.9899160861968994,
                        1.593356728553772,
                        0.0,
                        0.0,
                        0.0,
                        1.0
                    ]
                },
                "FRDHair": {
                    "parent": "Head",
                    "matrix": [
                        -0.12237530201673508,
                        -0.9653182029724121,
                        -0.23061878979206085,
                        -0.9754804372787476,
                        0.07415882498025894,
                        0.20721586048603058,
                        -0.18292683362960815,
                        0.25032225251197815,
                        -0.9507242441177368
                    ],
                    "matrix_local": [
                        -0.12237530201673508,
                        -0.9653182029724121,
                        -0.23061878979206085,
                        -0.08380720019340515,
                        -0.977861762046814,
                        0.07753246277570724,
                        0.19435818493366241,
                        -0.02366337925195694,
                        -0.16973692178726196,
                        0.24929796159267426,
                        -0.9534357786178589,
                        1.689462661743164,
                        0.0,
                        0.0,
                        0.0,
                        1.0
                    ]
                },
                "Face_Root": {
                    "parent": "Head",
                    "matrix": [
                        1.0,
                        -9.312304816155859e-10,
                        3.4740015308898364e-08,
                        3.472426968187392e-08,
                        -0.013503768481314182,
                        -0.9999088644981384,
                        1.400266680384732e-09,
                        0.9999088644981384,
                        -0.01350390911102295
                    ],
                    "matrix_local": [
                        1.0,
                        1.1102230246251565e-16,
                        3.472743870247541e-08,
                        4.787836793695988e-16,
                        3.4727424491620695e-08,
                        4.3958425521850586e-07,
                        -1.0,
                        -0.009378929622471333,
                        -4.107825191113079e-14,
                        0.9999999403953552,
                        4.33996319770813e-07,
                        1.5417289733886719,
                        0.0,
                        0.0,
                        0.0,
                        1.0
                    ]
                },
                "Jaw": {
                    "parent": "Face_Root",
                    "matrix": [
                        1.0,
                        -2.1414833085666623e-15,
